Random Numbers:
0.3189484507097673
0.37584664280989033
0.7153044373550201
0.5663694477783596
0.9832333160276925
0.6182542988342963
0.2593168204518914
0.4254711497573904
0.8782096870044562
0.8294452840622484
0.32682435548855127
0.07177789025455694
0.3321477271625295
0.4772197293579754
0.40599254181784716
0.7878266370012008
0.7197555406047513
0.8407836737228966
0.8000769185266539
0.671464167552249
0.8858336833964742
0.6457538513656622
0.9665882219115951
0.7015732385773981
0.6832878487253933
0.3629918403980241
0.6550410192981453
0.9921071560366785
0.4354652414057498
0.794181269504673
0.6521457446624832
0.6294836758635387
0.20378365553546174
0.9155983326092036
0.13455581490027035
0.9052423460726355
0.6769884119289007
0.61229942287429
0.1662120947080692
0.16571099887202712
0.6832754230341191
0.9350023771898524
0.9809103881336945
0.19375993584057438
0.24869977923684128
0.20919111172590554
0.3662995509267699
0.9975963342768619
0.01953240095455744
0.4985348610169662
0.16985265253722792
0.21727673871615893
0.21482588821321458
0.04083228626832791
0.029469279118490288
0.07280112773093084
0.5811023125047672
0.8140107793793057
0.3696466805433116
0.705030587848438
0.16060981329068014
0.1580539592963257
0.6371838610902718
0.23572083897344132
0.2619057927474444
0.047097048506471895
0.8242103597105761
0.9202925215538134
0.17675174230089352
0.9241124588098819
0.8478435392628301
0.42699233853204643
0.027301394727117012
0.5452068895701798
0.27672288367578535
0.9818338407730105
0.5943092283173519
0.7908235383484403
0.06916061224800174
0.5665544619809042
0.8513153015277968
0.7567095203883798
0.9069366382692035
0.9947225857713395
0.7809511206119066
0.48894098605053715
0.7582845058530454
0.5169091501186758
0.8867799813431729
0.1326742501240128
0.22609233626961078
0.21846368162902596
0.9314466568164148
0.6360755540877221
0.6644556404779998
0.9268388624938149
0.004990014297910461
0.2307352829144016
0.2685262555756862
0.7436951109223675
Noise Numbers:
0.5
0.606848
0.7347520000000001
0.865232
0.963488
1
0.963488
0.8652320000000001
0.7347519999999998
0.6068480000000002
0.5
0.4085599999999999
0.35792
0.36307999999999996
0.4174399999999999
0.5
0.5825600000000002
0.6369199999999999
0.6420800000000001
0.5914399999999993
0.5
0.4085599999999999
0.35791999999999996
0.36307999999999996
0.4174399999999999
0.5
0.5825600000000002
0.6369199999999999
0.6420800000000004
0.5914399999999993
0.5
0.4008559999999999
0.31158399999999986
0.2489240000000001
0.226976
0.25
0.30953600000000014
0.3858440000000001
0.45366400000000023
0.4922959999999993
0.5
0.5077039999999999
0.546336
0.6141559999999999
0.6904640000000002
0.75
0.773024
0.7510759999999999
0.6884160000000002
0.5991439999999996
0.5
0.40856000000000026
0.35791999999999996
0.36307999999999996
0.41744000000000026
0.5
0.5825599999999999
0.6369199999999999
0.6420800000000004
0.5914399999999991
0.5
0.3931520000000004
0.26524799999999976
0.13476800000000022
0.03651199999999977
0
0.03651199999999977
0.1347680000000001
0.265248
0.3931519999999999
0.5
0.5991439999999997
0.6884160000000001
0.7510759999999999
0.7730239999999999
0.75
0.6904640000000002
0.6141559999999999
0.5463359999999998
0.5077040000000005
0.5
0.5
0.5
0.5
0.5
0.5
0.5
0.5
0.5
0.5
0.5
0.5
0.5
0.5
0.5
0.5
0.5
0.5
0.5
0.5
